10.0251 10
10.0251 10
10.0251 10
10.0251 10
10.0552 11
10.0552 11
10.0552 11
10.0552 11
10.0603 12
10.0603 12
10.0603 12
10.0603 12
10.0695 13
10.0695 13
10.0695 13
10.0695 13
10.0788 14
10.0788 14
10.0788 14
10.0788 14
10.088 15
10.088 15
10.088 15
10.088 15
10.0973 16
10.0973 16
10.0973 16
10.0973 16
10.1065 17
10.1065 17
10.1065 17
10.1065 17
10.1158 18
10.1158 18
10.1158 18
10.1158 18
10.125 19
10.125 19
10.125 19
10.125 19
10.1343 20
10.1343 20
10.1343 20
10.1343 20
10.2415 21
10.2415 21
10.2415 21
10.2415 21
10.2461 22
10.2461 22
10.2461 22
10.2461 22
10.2507 23
10.2507 23
10.2507 23
10.2507 23
10.2554 24
10.2554 24
10.2554 24
10.2554 24
10.2692 25
10.2692 25
10.2692 25
10.2692 25
10.2738 26
10.2738 26
10.2738 26
10.2738 26
10.2877 27
10.2877 27
10.2877 27
10.2877 27
10.2923 28
10.2923 28
10.2923 28
10.2923 28
10.3062 29
10.3062 29
10.3062 29
10.3062 29
10.3108 30
10.3108 30
10.3108 30
10.3108 30
10.3247 31
10.3247 31
10.3247 31
10.3247 31
10.3293 32
10.3293 32
10.3293 32
10.3293 32
10.3432 33
10.3432 33
10.3432 33
10.3432 33
10.3478 34
10.3478 34
10.3478 34
10.3478 34
10.3617 35
10.3617 35
10.3617 35
10.3617 35
10.3663 36
10.3663 36
10.3663 36
10.3663 36
10.3802 37
10.3802 37
10.3802 37
10.3802 37
10.3848 38
10.3848 38
10.3848 38
10.3848 38
10.3987 39
10.3987 39
10.3987 39
10.3987 39
10.4033 40
10.4033 40
10.4033 40
10.4033 40
10.6114 41
10.6114 41
10.6114 41
10.6114 41
10.616 42
10.616 42
10.616 42
10.616 42
10.6206 43
10.6206 43
10.6206 43
10.6206 43
10.6253 44
10.6253 44
10.6253 44
10.6253 44
10.6299 45
10.6299 45
10.6299 45
10.6299 45
10.6345 46
10.6345 46
10.6345 46
10.6345 46
10.6391 47
10.6391 47
10.6391 47
10.6391 47
10.6438 48
10.6438 48
10.6438 48
10.6438 48
10.6669 49
10.6669 49
10.6669 49
10.6669 49
10.6715 50
10.6715 50
10.6715 50
10.6715 50
10.6761 51
10.6761 51
10.6761 51
10.6761 51
10.6808 52
10.6808 52
10.6808 52
10.6808 52
10.7039 53
10.7039 53
10.7039 53
10.7039 53
10.7085 54
10.7085 54
10.7085 54
10.7085 54
10.7131 55
10.7131 55
10.7131 55
10.7131 55
10.7178 56
10.7178 56
10.7178 56
10.7178 56
10.7409 57
10.7409 57
10.7409 57
10.7409 57
10.7455 58
10.7455 58
10.7455 58
10.7455 58
10.7501 59
10.7501 59
10.7501 59
10.7501 59
10.7547 60
10.7547 60
10.7547 60
10.7547 60
10.7779 61
10.7779 61
10.7779 61
10.7779 61
10.7825 62
10.7825 62
10.7825 62
10.7825 62
10.7871 63
10.7871 63
10.7871 63
10.7871 63
10.7917 64
10.7917 64
10.7917 64
10.7917 64
10.8149 65
10.8149 65
10.8149 65
10.8149 65
10.8195 66
10.8195 66
10.8195 66
10.8195 66
10.8241 67
10.8241 67
10.8241 67
10.8241 67
10.8287 68
10.8287 68
10.8287 68
10.8287 68
10.8518 69
10.8518 69
10.8518 69
10.8518 69
10.8565 70
10.8565 70
10.8565 70
10.8565 70
10.8611 71
10.8611 71
10.8611 71
10.8611 71
10.8657 72
10.8657 72
10.8657 72
10.8657 72
10.8888 73
10.8888 73
10.8888 73
10.8888 73
10.8935 74
10.8935 74
10.8935 74
10.8935 74
10.8981 75
10.8981 75
10.8981 75
10.8981 75
10.9027 76
10.9027 76
10.9027 76
10.9027 76
10.9258 77
10.9258 77
10.9258 77
10.9258 77
10.9305 78
10.9305 78
10.9305 78
10.9305 78
10.9351 79
10.9351 79
10.9351 79
10.9351 79
10.9397 80
10.9397 80
10.9397 80
10.9397 80
11.3512 81
11.3512 81
11.3512 81
11.3512 81
11.3559 82
11.3559 82
11.3559 82
11.3559 82
11.3605 83
11.3605 83
11.3605 83
11.3605 83
11.3651 84
11.3651 84
11.3651 84
11.3651 84
11.3697 85
11.3697 85
11.3697 85
11.3697 85
11.3744 86
11.3744 86
11.3744 86
11.3744 86
11.379 87
11.379 87
11.379 87
11.379 87
11.3836 88
11.3836 88
11.3836 88
11.3836 88
11.3882 89
11.3882 89
11.3882 89
11.3882 89
11.3929 90
11.3929 90
11.3929 90
11.3929 90
11.3975 91
11.3975 91
11.3975 91
11.3975 91
11.4021 92
11.4021 92
11.4021 92
11.4021 92
11.4067 93
11.4067 93
11.4067 93
11.4067 93
11.4114 94
11.4114 94
11.4114 94
11.4114 94
11.416 95
11.416 95
11.416 95
11.416 95
11.4206 96
11.4206 96
11.4206 96
11.4206 96
11.4622 97
11.4622 97
11.4622 97
11.4622 97
11.4668 98
11.4668 98
11.4668 98
11.4668 98
11.4715 99
11.4715 99
11.4715 99
11.4715 99
11.4761 100
11.4761 100
11.4761 100
11.4761 100
11.4807 101
11.4807 101
11.4807 101
11.4807 101
11.4853 102
11.4853 102
11.4853 102
11.4853 102
11.49 103
11.49 103
11.49 103
11.49 103
11.4946 104
11.4946 104
11.4946 104
11.4946 104
11.5362 105
11.5362 105
11.5362 105
11.5362 105
11.5408 106
11.5408 106
11.5408 106
11.5408 106
11.5454 107
11.5454 107
11.5454 107
11.5454 107
11.5501 108
11.5501 108
11.5501 108
11.5501 108
11.5547 109
11.5547 109
11.5547 109
11.5547 109
11.5593 110
11.5593 110
11.5593 110
11.5593 110
11.5639 111
11.5639 111
11.5639 111
11.5639 111
11.5686 112
11.5686 112
11.5686 112
11.5686 112
11.6102 113
11.6102 113
11.6102 113
11.6102 113
11.6148 114
11.6148 114
11.6148 114
11.6148 114
11.6194 115
11.6194 115
11.6194 115
11.6194 115
11.6241 116
11.6241 116
11.6241 116
11.6241 116
11.6287 117
11.6287 117
11.6287 117
11.6287 117
11.6333 118
11.6333 118
11.6333 118
11.6333 118
11.6379 119
11.6379 119
11.6379 119
11.6379 119
11.6426 120
11.6426 120
11.6426 120
11.6426 120
11.6842 121
11.6842 121
11.6842 121
11.6842 121
11.6888 122
11.6888 122
11.6888 122
11.6888 122
11.6934 123
11.6934 123
11.6934 123
11.6934 123
11.698 124
11.698 124
11.698 124
11.698 124
11.7027 125
11.7027 125
11.7027 125
11.7027 125
11.7073 126
11.7073 126
11.7073 126
11.7073 126
11.7119 127
11.7119 127
11.7119 127
11.7119 127
11.7165 128
11.7165 128
11.7165 128
11.7165 128
11.7582 129
11.7582 129
11.7582 129
11.7582 129
11.7628 130
11.7628 130
11.7628 130
11.7628 130
11.7674 131
11.7674 131
11.7674 131
11.7674 131
11.772 132
11.772 132
11.772 132
11.772 132
11.7766 133
11.7766 133
11.7766 133
11.7766 133
11.8092 66
11.8092 66
11.8092 66
11.8092 66
13.8352 1
13.8352 1
13.8352 1
13.8352 1
15.1753 2
15.1753 2
15.1753 2
15.1753 2
15.5776 3
15.5776 3
15.5776 3
15.5776 3
15.5822 4
15.5822 4
15.5822 4
15.5822 4
16.003 5
16.003 5
16.003 5
16.003 5
16.0076 6
16.0076 6
16.0076 6
16.0076 6
16.0122 7
16.0122 7
16.0122 7
16.0122 7
16.0169 8
16.0169 8
16.0169 8
16.0169 8
16.4654 9
16.4654 9
16.4654 9
16.4654 9
16.47 10
16.47 10
16.47 10
16.47 10
16.4746 11
16.4746 11
16.4746 11
16.4746 11
16.4793 12
16.4793 12
16.4793 12
16.4793 12
16.4839 13
16.4839 13
16.4839 13
16.4839 13
16.4885 14
16.4885 14
16.4885 14
16.4885 14
16.4931 15
16.4931 15
16.4931 15
16.4931 15
16.4978 16
16.4978 16
16.4978 16
16.4978 16
16.9925 17
16.9925 17
16.9925 17
16.9925 17
16.9971 18
16.9971 18
16.9971 18
16.9971 18
17.0018 19
17.0018 19
17.0018 19
17.0018 19
17.0064 20
17.0064 20
17.0064 20
17.0064 20
17.011 21
17.011 21
17.011 21
17.011 21
17.0156 22
17.0156 22
17.0156 22
17.0156 22
17.0203 23
17.0203 23
17.0203 23
17.0203 23
17.0249 24
17.0249 24
17.0249 24
17.0249 24
17.0295 25
17.0295 25
17.0295 25
17.0295 25
17.0341 26
17.0341 26
17.0341 26
17.0341 26
17.0388 27
17.0388 27
17.0388 27
17.0388 27
17.0434 28
17.0434 28
17.0434 28
17.0434 28
17.048 29
17.048 29
17.048 29
17.048 29
17.0526 30
17.0526 30
17.0526 30
17.0526 30
17.0573 31
17.0573 31
17.0573 31
17.0573 31
17.0619 32
17.0619 32
17.0619 32
17.0619 32
17.6306 33
17.6306 33
17.6306 33
17.6306 33
17.6353 33
17.6353 33
17.6353 33
17.6353 33
18.3658 34
18.3658 34
18.3658 34
18.3658 34
19.1149 35
19.1149 35
19.1149 35
19.1149 35
19.8825 36
19.8825 36
19.8825 36
19.8825 36
20.6686 37
20.6686 37
20.6686 37
20.6686 37
21.4732 38
21.4732 38
21.4732 38
21.4732 38
22.2962 39
22.2962 39
22.2962 39
22.2962 39
23.1378 40
23.1378 40
23.1378 40
23.1378 40
23.9979 41
23.9979 41
23.9979 41
23.9979 41
24.8764 42
24.8764 42
24.8764 42
24.8764 42
25.7735 43
25.7735 43
25.7735 43
25.7735 43
26.689 44
26.689 44
26.689 44
26.689 44
27.6231 45
27.6231 45
27.6231 45
27.6231 45
28.5756 46
28.5756 46
28.5756 46
28.5756 46
29.5421 23
29.5421 23
29.5421 23
29.5421 23
30.3836 24
30.3836 24
30.3836 24
30.3836 24
30.3836 26
30.3836 26
30.3836 26
30.3836 26
30.9015 27
30.9015 27
30.9015 27
30.9015 27
31.498 28
31.498 28
31.498 28
31.498 28
32.0159 29
32.0159 29
32.0159 29
32.0159 29
32.5523 30
32.5523 30
32.5523 30
32.5523 30
33.1072 31
33.1072 31
33.1072 31
33.1072 31
33.6805 32
33.6805 32
33.6805 32
33.6805 32
34.2724 33
34.2724 33
34.2724 33
34.2724 33
34.8828 34
34.8828 34
34.8828 34
34.8828 34
35.5116 35
35.5116 35
35.5116 35
35.5116 35
36.159 36
36.159 36
36.159 36
36.159 36
36.8249 37
36.8249 37
36.8249 37
36.8249 37
37.5092 38
37.5092 38
37.5092 38
37.5092 38
38.2121 39
38.2121 39
38.2121 39
38.2121 39
38.9334 40
38.9334 40
38.9334 40
38.9334 40
39.6732 41
39.6732 41
39.6732 41
39.6732 41
40.4316 42
40.4316 42
40.4316 42
40.4316 42
41.2084 43
41.2084 43
41.2084 43
41.2084 43
42.0037 44
42.0037 44
42.0037 44
42.0037 44
42.8176 45
42.8176 45
42.8176 45
42.8176 45
43.6499 46
43.6499 46
43.6499 46
43.6499 46
44.5007 47
44.5007 47
44.5007 47
44.5007 47
45.37 48
45.37 48
45.37 48
45.37 48
46.2578 49
46.2578 49
46.2578 49
46.2578 49
47.1641 50
47.1641 50
47.1641 50
47.1641 50
48.0889 51
48.0889 51
48.0889 51
48.0889 51
49.0322 52
49.0322 52
49.0322 52
49.0322 52
49.9987 26
49.9987 26
49.9987 26
49.9987 26
50.9327 27
50.9327 27
50.9327 27
50.9327 27
50.9327 29
50.9327 29
50.9327 29
50.9327 29
51.7049 30
51.7049 30
51.7049 30
51.7049 30
52.2366 31
52.2366 31
52.2366 31
52.2366 31
52.9164 32
52.9164 32
52.9164 32
52.9164 32
53.3464 33
53.3464 33
53.3464 33
53.3464 33
53.7949 34
53.7949 34
53.7949 34
53.7949 34
54.262 35
54.262 35
54.262 35
54.262 35
54.7475 36
54.7475 36
54.7475 36
54.7475 36
55.2515 37
55.2515 37
55.2515 37
55.2515 37
55.774 38
55.774 38
55.774 38
55.774 38
56.315 39
56.315 39
56.315 39
56.315 39
56.8745 40
56.8745 40
56.8745 40
56.8745 40
57.4525 41
57.4525 41
57.4525 41
57.4525 41
58.049 42
58.049 42
58.049 42
58.049 42
58.664 43
58.664 43
58.664 43
58.664 43
59.2975 44
59.2975 44
59.2975 44
59.2975 44
59.9495 45
59.9495 45
59.9495 45
59.9495 45
